1.000000000000000000e+00 3.495312409014150051e-02 1.410293619697189083e-01 2.543665647376922751e-13 1.248300739646552998e-01 1.057087434963106948e-01 1.562882189334988794e-18 1.410293619697189083e-01 6.058388635159339675e-02 2.306891661570887875e-01 4.708364223491499911e-02 6.069108465407849901e-02 1.059382465957503933e-01 7.294632662381645982e-01 1.313368329283448044e-01 7.128648199281489850e-02 8.533047625744065802e-17 4.193795658379544558e-13 5.911848754466429712e-02 6.914400106940203020e-13 7.128648199281489850e-02 4.193795658379544558e-13 7.128648199281489850e-02 7.294632662381645982e-01 1.712499395346586961e-01 2.543665647376922751e-13 6.914400106940203020e-13
3.495312409014150051e-02 1.000000000000000000e+00 3.395576275472850236e-02 1.691897922615130429e-10 6.784692532462069381e-02 2.560323441347690104e-02 3.150678401045529931e-02 3.395576275472850236e-02 8.488615850462929990e-02 5.753597364468229780e-02 6.113775473477069816e-02 8.498804832796620634e-02 6.018872961176820191e-02 2.411851507695250002e-02 3.516462496662910164e-02 9.451792777021329750e-02 5.175555005801868771e-17 1.026187963170189018e-10 7.661056841824709362e-02 7.371367070050699466e-02 9.451792777021329750e-02 1.334246323014146862e-01 9.451792777021329750e-02 2.411851507695250002e-02 8.246399526148349979e-02 1.691897922615130429e-10 1.691897922615130429e-10
1.410293619697189083e-01 3.395576275472850236e-02 1.000000000000000000e+00 1.037476180393817060e-01 2.924225372471683793e-01 4.557820329884560984e-01 2.975696873593382478e-35 1.354125542834583029e-01 5.807091375223719792e-02 2.208342155409697138e-01 4.504997318401499778e-02 5.816939625932739805e-02 2.495044620439949012e-01 1.029648072610406945e-01 1.272875993240570047e-01 6.783252344897719444e-02 2.411232150975085856e-31 2.442600737740527707e-36 5.632051793295950182e-02 1.481512236876327408e-36 6.783252344897719444e-02 3.305700626760734337e-37 6.783252344897719444e-02 1.029648072610406945e-01 1.644295302013422111e-01 1.481512236876327408e-36 1.481512236876327408e-36
2.543665647376922751e-13 1.691897922615130429e-10 1.037476180393817060e-01 1.000000000000000000e+00 2.222539605809583929e-01 7.990351603925459345e-02 5.602796437537267826e-09 3.354626279025118532e-04 8.208499862389879997e-02 5.530843701478336269e-04 8.208499862389879997e-02 8.208499862389879997e-02 7.735740420868850165e-02 4.978706836786394446e-02 3.019738342231850087e-02 3.019738342231850087e-02 7.582560427911906597e-10 8.208499862389879997e-02 8.208499862389879997e-02 1.831563888873417867e-02 9.118819655545162437e-04 8.208499862389879997e-02 1.353352832366127023e-01 1.353352832366127023e-01 1.353352832366127023e-01 1.353352832366127023e-01 1.353352832366127023e-01
1.248300739646552998e-01 6.784692532462069381e-02 2.924225372471683793e-01 2.222539605809583929e-01 1.000000000000000000e+00 2.230394859113888906e-01 2.319522830243569634e-16 1.204092800429515941e-01 1.138156556736562991e-01 1.947990595680164916e-01 1.496538983403959966e-01 2.032846284960818095e-01 4.846431215994332908e-01 9.134771628869320370e-02 1.160899469598221934e-01 1.304294493578498915e-01 1.713908431542013000e-15 1.250152866386742564e-09 1.067704921776315014e-01 2.061153622438557870e-09 1.304294493578498915e-01 3.398267819495071066e-09 5.871103860260294960e-01 9.134771628869320370e-02 3.678048176101927913e-01 2.061153622438557870e-09 2.061153622438557870e-09
1.057087434963106948e-01 2.560323441347690104e-02 4.557820329884560984e-01 7.990351603925459345e-02 2.230394859113888906e-01 1.000000000000000000e+00 1.250152866386742564e-09 1.019786283855449033e-01 4.352712967495150215e-02 1.749067281584104905e-01 3.157350119550290241e-02 4.359221092405830139e-02 1.932160838302109940e-01 7.268754054628490113e-02 1.014577340503883957e-01 4.985361599634550306e-02 4.599055378652316642e-10 1.831563888873417867e-02 4.023007765001000019e-02 4.086771438464066597e-03 4.985361599634550306e-02 1.831563888873417867e-02 4.985361599634550306e-02 7.268754054628490113e-02 1.276875262978671988e-01 3.019738342231850087e-02 3.019738342231850087e-02
1.562882189334988794e-18 3.150678401045529931e-02 2.975696873593382478e-35 5.602796437537267826e-09 2.319522830243569634e-16 1.250152866386742564e-09 1.000000000000000000e+00 2.789468092868924638e-10 2.510999155743981890e-08 4.599055378652316642e-10 9.237449661970594358e-09 2.510999155743981890e-08 1.522997974471262915e-08 5.602796437537267826e-09 3.398267819495071066e-09 9.237449661970594358e-09 1.266416554909417554e-14 3.590088337995690076e-02 9.237449661970594358e-09 2.061153622438557870e-09 2.789468092868924638e-10 2.523751014882300026e-02 1.522997974471262915e-08 1.522997974471262915e-08 1.522997974471262915e-08 4.139937718785166831e-08 1.332287273161414931e-01
1.410293619697189083e-01 3.395576275472850236e-02 1.354125542834583029e-01 3.354626279025118532e-04 1.204092800429515941e-01 1.019786283855449033e-01 2.789468092868924638e-10 1.000000000000000000e+00 5.807091375223719792e-02 2.208342155409697138e-01 4.504997318401499778e-02 5.816939625932739805e-02 1.027371314298801963e-01 1.029648072610406945e-01 2.153759033545463997e-01 6.783252344897719444e-02 7.582560427911906597e-10 5.530843701478336269e-04 5.632051793295950182e-02 1.234098040866795612e-04 6.783252344897719444e-02 5.530843701478336269e-04 6.783252344897719444e-02 1.029648072610406945e-01 1.644295302013422111e-01 2.478752176666358491e-03 2.478752176666358491e-03
6.058388635159339675e-02 8.488615850462929990e-02 5.807091375223719792e-02 8.208499862389879997e-02 1.138156556736562991e-01 4.352712967495150215e-02 2.510999155743981890e-08 5.807091375223719792e-02 1.000000000000000000e+00 9.498965665291890514e-02 1.143459882847936981e-01 1.473926341599048895e-01 9.659075424906660157e-02 4.419371961943509980e-02 5.407987238225960003e-02 1.731243134111218884e-01 3.398267819495071066e-09 1.353352832366127023e-01 1.435734697513277869e-01 3.019738342231850087e-02 3.186069297229890962e-01 1.353352832366127023e-01 1.731243134111218884e-01 4.419371961943509980e-02 1.410293619697189083e-01 2.231301601484298180e-01 2.231301601484298180e-01
2.306891661570887875e-01 5.753597364468229780e-02 2.208342155409697138e-01 5.530843701478336269e-04 1.947990595680164916e-01 1.749067281584104905e-01 4.599055378652316642e-10 2.208342155409697138e-01 9.498965665291890514e-02 1.000000000000000000e+00 8.258278440007070509e-02 9.516299318309190403e-02 1.646607603870655911e-01 1.878719564135543085e-01 1.918972500735147135e-01 1.123905112298148046e-01 6.224144622907782609e-11 9.118819655545162437e-04 9.874748093160889972e-02 2.034683690106441685e-04 1.123905112298148046e-01 2.478752176666358491e-03 1.123905112298148046e-01 1.878719564135543085e-01 2.519585009527842145e-01 1.420322619146723031e-01 4.086771438464066597e-03
4.708364223491499911e-02 6.113775473477069816e-02 4.504997318401499778e-02 8.208499862389879997e-02 1.496538983403959966e-01 3.157350119550290241e-02 9.237449661970594358e-09 4.504997318401499778e-02 1.143459882847936981e-01 8.258278440007070509e-02 1.000000000000000000e+00 7.758485812335949028e-01 1.263095773239205910e-01 3.029466544130799896e-02 4.406370708538100145e-02 1.355801252746693109e-01 3.398267819495071066e-09 1.353352832366127023e-01 1.055147258405994964e-01 3.019738342231850087e-02 1.355801252746693109e-01 1.353352832366127023e-01 2.495130036567443921e-01 3.029466544130799896e-02 1.828346466806670956e-01 2.231301601484298180e-01 2.231301601484298180e-01
6.069108465407849901e-02 8.498804832796620634e-02 5.816939625932739805e-02 8.208499862389879997e-02 2.032846284960818095e-01 4.359221092405830139e-02 2.510999155743981890e-08 5.816939625932739805e-02 1.473926341599048895e-01 9.516299318309190403e-02 7.758485812335949028e-01 1.000000000000000000e+00 1.724802852387145868e-01 4.427028324026949929e-02 5.415018294608189842e-02 1.734848710243669934e-01 1.250152866386742564e-09 1.353352832366127023e-01 1.438651896079543024e-01 3.019738342231850087e-02 1.734848710243669934e-01 1.353352832366127023e-01 3.192704769271964005e-01 4.427028324026949929e-02 2.421746293245468917e-01 6.065306597126334243e-01 2.231301601484298180e-01
1.059382465957503933e-01 6.018872961176820191e-02 2.495044620439949012e-01 7.735740420868850165e-02 4.846431215994332908e-01 1.932160838302109940e-01 1.522997974471262915e-08 1.027371314298801963e-01 9.659075424906660157e-02 1.646607603870655911e-01 1.263095773239205910e-01 1.724802852387145868e-01 1.000000000000000222e+00 7.773192716298349403e-02 2.480543554308546894e-01 1.082977704897996052e-01 2.061153622438557870e-09 2.231301601484298180e-01 8.895825009487930146e-02 4.978706836786394446e-02 1.082977704897996052e-01 2.231301601484298180e-01 4.511269771752747237e-01 7.773192716298349403e-02 3.008730277589350965e-01 3.678794411714423340e-01 3.678794411714423340e-01
7.294632662381645982e-01 2.411851507695250002e-02 1.029648072610406945e-01 4.978706836786394446e-02 9.134771628869320370e-02 7.268754054628490113e-02 5.602796437537267826e-09 1.029648072610406945e-01 4.419371961943509980e-02 1.878719564135543085e-01 3.029466544130799896e-02 4.427028324026949929e-02 7.773192716298349403e-02 1.000000000000000000e+00 1.021566120924454063e-01 5.180999501956470160e-02 5.602796437537267826e-09 8.208499862389879997e-02 4.039522194616800010e-02 1.831563888873417867e-02 5.180999501956470160e-02 8.208499862389879997e-02 5.180999501956470160e-02 7.579817029327050593e-01 1.325807633284541986e-01 1.353352832366127023e-01 1.353352832366127023e-01
1.313368329283448044e-01 3.516462496662910164e-02 1.272875993240570047e-01 3.019738342231850087e-02 1.160899469598221934e-01 1.014577340503883957e-01 3.398267819495071066e-09 2.153759033545463997e-01 5.407987238225960003e-02 1.918972500735147135e-01 4.406370708538100145e-02 5.415018294608189842e-02 2.480543554308546894e-01 1.021566120924454063e-01 1.000000000000000000e+00 6.078897437501300238e-02 1.250152866386742564e-09 4.978706836786394446e-02 5.236228096148969752e-02 1.110899653824230608e-02 6.078897437501300238e-02 4.978706836786394446e-02 6.078897437501300238e-02 1.021566120924454063e-01 1.497501168518317882e-01 8.208499862389879997e-02 2.231301601484298180e-01
7.128648199281489850e-02 9.451792777021329750e-02 6.783252344897719444e-02 3.019738342231850087e-02 1.304294493578498915e-01 4.985361599634550306e-02 9.237449661970594358e-09 6.783252344897719444e-02 1.731243134111218884e-01 1.123905112298148046e-01 1.355801252746693109e-01 1.734848710243669934e-01 1.082977704897996052e-01 5.180999501956470160e-02 6.078897437501300238e-02 1.000000000000000000e+00 1.250152866386742564e-09 4.978706836786394446e-02 8.249995187486767190e-01 1.110899653824230608e-02 2.102700948397099867e-01 4.978706836786394446e-02 2.102700948397099867e-01 5.180999501956470160e-02 1.647361283760875872e-01 8.208499862389879997e-02 8.208499862389879997e-02
8.533047625744065802e-17 5.175555005801868771e-17 2.411232150975085856e-31 7.582560427911906597e-10 1.713908431542013000e-15 4.599055378652316642e-10 1.266416554909417554e-14 7.582560427911906597e-10 3.398267819495071066e-09 6.224144622907782609e-11 3.398267819495071066e-09 1.250152866386742564e-09 2.061153622438557870e-09 5.602796437537267826e-09 1.250152866386742564e-09 1.250152866386742564e-09 1.000000000000000000e+00 3.398267819495071066e-09 1.250152866386742564e-09 2.789468092868924638e-10 1.026187963170189018e-10 1.250152866386742564e-09 5.602796437537267826e-09 5.602796437537267826e-09 2.061153622438557870e-09 2.061153622438557870e-09 5.602796437537267826e-09
4.193795658379544558e-13 1.026187963170189018e-10 2.442600737740527707e-36 8.208499862389879997e-02 1.250152866386742564e-09 1.831563888873417867e-02 3.590088337995690076e-02 5.530843701478336269e-04 1.353352832366127023e-01 9.118819655545162437e-04 1.353352832366127023e-01 1.353352832366127023e-01 2.231301601484298180e-01 8.208499862389879997e-02 4.978706836786394446e-02 4.978706836786394446e-02 3.398267819495071066e-09 1.000000000000000000e+00 1.353352832366127023e-01 3.019738342231850087e-02 1.503439192977572367e-03 1.353352832366127023e-01 2.231301601484298180e-01 2.231301601484298180e-01 2.231301601484298180e-01 2.231301601484298180e-01 6.792410708690389820e-02
5.911848754466429712e-02 7.661056841824709362e-02 5.632051793295950182e-02 8.208499862389879997e-02 1.067704921776315014e-01 4.023007765001000019e-02 9.237449661970594358e-09 5.632051793295950182e-02 1.435734697513277869e-01 9.874748093160889972e-02 1.055147258405994964e-01 1.438651896079543024e-01 8.895825009487930146e-02 4.039522194616800010e-02 5.236228096148969752e-02 8.249995187486767190e-01 1.250152866386742564e-09 1.353352832366127023e-01 1.000000000000000000e+00 2.231301601484298180e-01 1.734727270499993868e-01 1.353352832366127023e-01 1.734727270499993868e-01 4.039522194616800010e-02 1.367784006943303932e-01 2.231301601484298180e-01 2.231301601484298180e-01
6.914400106940203020e-13 7.371367070050699466e-02 1.481512236876327408e-36 1.831563888873417867e-02 2.061153622438557870e-09 4.086771438464066597e-03 2.061153622438557870e-09 1.234098040866795612e-04 3.019738342231850087e-02 2.034683690106441685e-04 3.019738342231850087e-02 3.019738342231850087e-02 4.978706836786394446e-02 1.831563888873417867e-02 1.110899653824230608e-02 1.110899653824230608e-02 2.789468092868924638e-10 3.019738342231850087e-02 2.231301601484298180e-01 1.000000000000000000e+00 3.354626279025118532e-04 3.019738342231850087e-02 4.978706836786394446e-02 4.978706836786394446e-02 4.978706836786394446e-02 4.978706836786394446e-02 4.978706836786394446e-02
7.128648199281489850e-02 9.451792777021329750e-02 6.783252344897719444e-02 9.118819655545162437e-04 1.304294493578498915e-01 4.985361599634550306e-02 2.789468092868924638e-10 6.783252344897719444e-02 3.186069297229890962e-01 1.123905112298148046e-01 1.355801252746693109e-01 1.734848710243669934e-01 1.082977704897996052e-01 5.180999501956470160e-02 6.078897437501300238e-02 2.102700948397099867e-01 1.026187963170189018e-10 1.503439192977572367e-03 1.734727270499993868e-01 3.354626279025118532e-04 1.000000000000000000e+00 1.503439192977572367e-03 2.102700948397099867e-01 5.180999501956470160e-02 1.647361283760875872e-01 2.478752176666358491e-03 2.478752176666358491e-03
4.193795658379544558e-13 1.334246323014146862e-01 3.305700626760734337e-37 8.208499862389879997e-02 3.398267819495071066e-09 1.831563888873417867e-02 2.523751014882300026e-02 5.530843701478336269e-04 1.353352832366127023e-01 2.478752176666358491e-03 1.353352832366127023e-01 1.353352832366127023e-01 2.231301601484298180e-01 8.208499862389879997e-02 4.978706836786394446e-02 4.978706836786394446e-02 1.250152866386742564e-09 1.353352832366127023e-01 1.353352832366127023e-01 3.019738342231850087e-02 1.503439192977572367e-03 1.000000000000000222e+00 2.231301601484298180e-01 2.231301601484298180e-01 2.231301601484298180e-01 2.231301601484298180e-01 2.231301601484298180e-01
7.128648199281489850e-02 9.451792777021329750e-02 6.783252344897719444e-02 1.353352832366127023e-01 5.871103860260294960e-01 4.985361599634550306e-02 1.522997974471262915e-08 6.783252344897719444e-02 1.731243134111218884e-01 1.123905112298148046e-01 2.495130036567443921e-01 3.192704769271964005e-01 4.511269771752747237e-01 5.180999501956470160e-02 6.078897437501300238e-02 2.102700948397099867e-01 5.602796437537267826e-09 2.231301601484298180e-01 1.734727270499993868e-01 4.978706836786394446e-02 2.102700948397099867e-01 2.231301601484298180e-01 1.000000000000000000e+00 5.180999501956470160e-02 4.505028816815458970e-01 3.678794411714423340e-01 3.678794411714423340e-01
7.294632662381645982e-01 2.411851507695250002e-02 1.029648072610406945e-01 1.353352832366127023e-01 9.134771628869320370e-02 7.268754054628490113e-02 1.522997974471262915e-08 1.029648072610406945e-01 4.419371961943509980e-02 1.878719564135543085e-01 3.029466544130799896e-02 4.427028324026949929e-02 7.773192716298349403e-02 7.579817029327050593e-01 1.021566120924454063e-01 5.180999501956470160e-02 5.602796437537267826e-09 2.231301601484298180e-01 4.039522194616800010e-02 4.978706836786394446e-02 5.180999501956470160e-02 2.231301601484298180e-01 5.180999501956470160e-02 1.000000000000000000e+00 1.325807633284541986e-01 3.678794411714423340e-01 3.678794411714423340e-01
1.712499395346586961e-01 8.246399526148349979e-02 1.644295302013422111e-01 1.353352832366127023e-01 3.678048176101927913e-01 1.276875262978671988e-01 1.522997974471262915e-08 1.644295302013422111e-01 1.410293619697189083e-01 2.519585009527842145e-01 1.828346466806670956e-01 2.421746293245468917e-01 3.008730277589350965e-01 1.325807633284541986e-01 1.497501168518317882e-01 1.647361283760875872e-01 2.061153622438557870e-09 2.231301601484298180e-01 1.367784006943303932e-01 4.978706836786394446e-02 1.647361283760875872e-01 2.231301601484298180e-01 4.505028816815458970e-01 1.325807633284541986e-01 1.000000000000000000e+00 3.678794411714423340e-01 3.678794411714423340e-01
2.543665647376922751e-13 1.691897922615130429e-10 1.481512236876327408e-36 1.353352832366127023e-01 2.061153622438557870e-09 3.019738342231850087e-02 4.139937718785166831e-08 2.478752176666358491e-03 2.231301601484298180e-01 1.420322619146723031e-01 2.231301601484298180e-01 6.065306597126334243e-01 3.678794411714423340e-01 1.353352832366127023e-01 8.208499862389879997e-02 8.208499862389879997e-02 2.061153622438557870e-09 2.231301601484298180e-01 2.231301601484298180e-01 4.978706836786394446e-02 2.478752176666358491e-03 2.231301601484298180e-01 3.678794411714423340e-01 3.678794411714423340e-01 3.678794411714423340e-01 1.000000000000000000e+00 3.678794411714423340e-01
6.914400106940203020e-13 1.691897922615130429e-10 1.481512236876327408e-36 1.353352832366127023e-01 2.061153622438557870e-09 3.019738342231850087e-02 1.332287273161414931e-01 2.478752176666358491e-03 2.231301601484298180e-01 4.086771438464066597e-03 2.231301601484298180e-01 2.231301601484298180e-01 3.678794411714423340e-01 1.353352832366127023e-01 2.231301601484298180e-01 8.208499862389879997e-02 5.602796437537267826e-09 6.792410708690389820e-02 2.231301601484298180e-01 4.978706836786394446e-02 2.478752176666358491e-03 2.231301601484298180e-01 3.678794411714423340e-01 3.678794411714423340e-01 3.678794411714423340e-01 3.678794411714423340e-01 1.000000000000000000e+00
